3.219999999999999529e-01
5.600000000000000533e-01
3.219999999999999529e-01
3.219999999999999529e-01
3.219999999999999529e-01
3.219999999999999529e-01
1.700000000000000122e-01
3.219999999999999529e-01
3.219999999999999529e-01
3.219999999999999529e-01
6.199999999999999956e-01
5.699999999999999512e-01
4.699999999999999734e-01
1.149999999999999911e+00
4.899999999999999911e-01
4.738461538461538614e-01
4.738461538461538614e-01
3.275000000000000133e-01
4.738461538461538614e-01
4.738461538461538614e-01
3.275000000000000133e-01
4.738461538461538614e-01
4.738461538461538614e-01
4.738461538461538614e-01
4.738461538461538614e-01
7.600000000000000089e-01
6.300000000000000044e-01
4.738461538461538614e-01
4.738461538461538614e-01
4.738461538461538614e-01
4.738461538461538614e-01
7.281818181818181523e-01
9.304347826086956097e-01
9.304347826086956097e-01
7.281818181818181523e-01
7.281818181818181523e-01
7.281818181818181523e-01
7.281818181818181523e-01
7.281818181818181523e-01
7.281818181818181523e-01
9.304347826086956097e-01
9.304347826086956097e-01
9.304347826086956097e-01
7.281818181818181523e-01
9.304347826086956097e-01
9.304347826086956097e-01
9.304347826086956097e-01
9.304347826086956097e-01
9.304347826086956097e-01
7.281818181818181523e-01
7.281818181818181523e-01
6.009999999999999787e-01
9.304347826086956097e-01
9.304347826086956097e-01
6.009999999999999787e-01
6.009999999999999787e-01
6.009999999999999787e-01
6.009999999999999787e-01
9.304347826086956097e-01
9.304347826086956097e-01
9.304347826086956097e-01
6.009999999999999787e-01
9.304347826086956097e-01
9.304347826086956097e-01
9.304347826086956097e-01
9.304347826086956097e-01
9.304347826086956097e-01
6.009999999999999787e-01
6.009999999999999787e-01
2.438000000000000167e+00
2.438000000000000167e+00
2.169999999999999929e+00
1.584999999999999964e+00
1.584999999999999964e+00
2.438000000000000167e+00
2.209999999999999964e+00
2.438000000000000167e+00
1.849999999999999867e+00
9.304347826086956097e-01
1.849999999999999867e+00
1.860000000000000098e+00
1.840000000000000080e+00
3.219999999999999529e-01
3.219999999999999529e-01
3.275000000000000133e-01
3.275000000000000133e-01
4.738461538461538614e-01
9.304347826086956097e-01
7.281818181818181523e-01
5.100000000000000089e-01
9.304347826086956097e-01
6.009999999999999787e-01
1.849999999999999867e+00
5.100000000000000089e-01
2.438000000000000167e+00
6.009999999999999787e-01
