4.079414226789079834e-01
4.968654592359889044e-01
2.663518152697248453e-01
1.946558643185098969e-01
2.245138898543279637e-01
2.839069746777174164e-01
2.132251976312746766e-01
1.348030974403979787e-01
1.525430279474198070e-01
4.884696979984410881e-01
3.975239224244779823e-01
3.799990904297521066e-01
3.282968754556563340e-01
5.842001955872184737e-01
2.245348244329625764e-01
5.328722496630042826e-01
4.611762987117893342e-01
5.504274090709968537e-01
4.797456320245541139e-01
4.013235318336778601e-01
4.190634623406996884e-01
7.549901323917205254e-01
5.052988269930982490e-01
5.219679454360286464e-01
3.855542130885158958e-01
6.640443568177574196e-01
6.582245956690950806e-01
5.948173098489362154e-01
8.507206299804979110e-01
4.910552588262420137e-01
3.957776164364272820e-01
1.137595726673624297e+00
1.226519763230704996e+00
9.960061192644409367e-01
9.243101683132262103e-01
9.541681938490440551e-01
1.013561278672432842e+00
9.428795016259903239e-01
8.644574014351145141e-01
8.821973319421356763e-01
1.218124001993156735e+00
9.684326965945344590e-01
9.851018150374648563e-01
8.486880826899525498e-01
1.127178226419193852e+00
1.109653394424468198e+00
1.121358465270531291e+00
1.313854499581934121e+00
9.541891284276785568e-01
8.589114860378634919e-01
1.069957189315222212e+00
8.579677299331343043e-01
9.468917664902147813e-01
7.163781225239507222e-01
6.446821715727357738e-01
7.339332819319432932e-01
5.848294046946242997e-01
6.025693352016461279e-01
9.384960052526668539e-01
6.888046998540446886e-01
7.054738182969750859e-01
5.690600859494623354e-01
8.475502296787038592e-01
8.300253976839779835e-01
8.417304685300415201e-01
1.034226502841444351e+00
6.745611316871884533e-01
5.792834892973737215e-01
7.903291925747324420e-01
2.113464815391946416e+00
1.811255220474467631e+00
1.751402453596355713e+00
2.014123278580435272e+00
1.841134180588920088e+00
1.956902241476463633e+00
1.900506330833674484e+00
1.829824553787231745e+00
1.769142384103377319e+00
9.384960052526668539e-01
2.008303517431772711e+00
1.735633134851193971e+00
1.855377748755775880e+00
8.325951829073474642e-02
2.267524808097471922e-01
3.497799526840141837e-01
4.932729152030266295e-01
4.329550057501774241e-01
9.564067848044626174e-01
8.960888753516140781e-01
5.332858255449606233e-01
6.767787880639730691e-01
6.164608786111238636e-01
1.699858874446691814e+00
8.129138222854503937e-01
2.024540778834865495e+00
6.632515048855005535e-01
