3.389015871952095749e-01
4.344168035574135223e-01
2.357025043815726417e-01
1.110144597830013125e-01
1.903852694215649732e-01
2.184399283881655052e-01
1.315134914992995285e-01
5.834079850627360564e-02
8.805955520799366165e-02
4.567558168589913592e-01
3.641722282011254919e-01
3.397534121536422980e-01
3.198917177640347997e-01
5.774278266079730937e-01
1.989930619516256660e-01
5.290451392282263798e-01
4.122998284670071900e-01
5.192771292369341429e-01
4.351421947719660288e-01
3.624084479115842194e-01
3.923230841224100707e-01
7.543184276001194677e-01
4.706647924808560202e-01
5.106396366961492017e-01
3.466783439889130625e-01
6.688889100916105557e-01
6.351299052477568097e-01
6.100225644841196226e-01
8.646289741270795082e-01
4.931521221085369278e-01
3.596935741775072470e-01
1.141511540624143173e+00
1.248315503263949466e+00
1.025961757503246030e+00
9.355269872174267753e-01
9.898025846769131775e-01
1.038165119252186575e+00
9.576945615605035877e-01
8.846810409770765604e-01
9.168131102026660928e-01
1.250022819837181665e+00
9.822521745656834780e-01
9.981260082645277976e-01
8.600324569300497046e-01
1.185290041028391972e+00
1.150203791726687852e+00
1.148915347975331347e+00
1.338752471019152068e+00
9.955384564545763926e-01
8.867707034998912885e-01
1.058741873042770010e+00
8.401450657095661523e-01
9.434536255825726192e-01
7.287519661935224491e-01
6.206909236770909999e-01
7.264780623756178501e-01
5.713001388245154688e-01
6.018258579149130538e-01
9.548199928792170388e-01
6.759549855625803794e-01
7.061511412153038680e-01
5.516344065219226378e-01
8.764891982868525666e-01
8.464207239445218356e-01
8.418172380887273265e-01
1.056974452149089361e+00
6.944518000179075168e-01
5.696825337451367766e-01
7.498038964911778459e-01
2.101668577815720695e+00
1.855370555549954226e+00
1.786752184254689180e+00
2.056922936785805955e+00
1.859825273873983331e+00
1.946170805970794504e+00
1.940085378537672156e+00
1.863384705619501869e+00
1.827093005908989376e+00
9.548199928792170388e-01
2.015100374159217722e+00
1.756006919358392260e+00
1.854832514774686469e+00
3.823429124025529147e-03
1.970497850151308739e-01
3.078285066568872685e-01
4.905517220344697282e-01
4.101862833354993354e-01
9.913908745782541443e-01
9.282452252261580439e-01
5.187187141912507071e-01
6.912958657091390346e-01
6.179497570797218842e-01
1.778366276685391600e+00
8.382783916575918814e-01
1.990463213746887394e+00
6.439811756035269674e-01
