4.899556926406924418e-01
6.733479100529103922e-01
4.133113275613275461e-01
3.831600793650793979e-01
3.516871212121210899e-01
4.088817724867728209e-01
2.823246825396828474e-01
2.931443650793649769e-01
3.480613227513227881e-01
5.527252164502162168e-01
6.977896031746033678e-01
5.724555291005287705e-01
4.816340211640214308e-01
8.501161904761916910e-01
5.313660317460320304e-01
4.648958201058202011e-01
4.252396031746032423e-01
4.149278306878310119e-01
3.565556349206351894e-01
3.504263492063492413e-01
3.577379894179895103e-01
6.191655555555555246e-01
5.225162169312173033e-01
5.786524603174606485e-01
4.853139947089947781e-01
7.009579365079366964e-01
7.223600264550263939e-01
4.923580952380952613e-01
8.276194444444454623e-01
5.321046031746031746e-01
4.409053174603176917e-01
8.903934126984127673e-01
1.036844470899471737e+00
8.265326984126982746e-01
5.948153174603180160e-01
7.836977777777777154e-01
7.664243650793642892e-01
6.302345238095243829e-01
5.587675396825398932e-01
7.255476984126988382e-01
1.063134285714286476e+00
8.697370634920633670e-01
8.431404761904763845e-01
6.434457936507937958e-01
1.036635211640211995e+00
8.757623015873016170e-01
1.091486825396825511e+00
1.050207460317460484e+00
8.431199999999999806e-01
7.174800000000003397e-01
8.341707936507936072e-01
7.728504761904757547e-01
8.589991798941798429e-01
7.623523015873013842e-01
5.514615079365082773e-01
6.929222222222216621e-01
5.346630952380951873e-01
6.982111904761906240e-01
9.655949999999999811e-01
8.257564285714286134e-01
8.147045238095247388e-01
6.143515608465611733e-01
8.559322222222224275e-01
8.207520634920634217e-01
8.996705820105819207e-01
9.112088888888888460e-01
7.991284126984126157e-01
6.396965608465611242e-01
7.678559259259258862e-01
2.195092883597883127e+00
2.282860476190475829e+00
2.124470476190475576e+00
1.787426111111112270e+00
1.701331507936509890e+00
2.146264761904761453e+00
2.077081269841270839e+00
2.162365396825395969e+00
1.832995873015873523e+00
9.655949999999999811e-01
1.827648809523809925e+00
1.968404285714284940e+00
2.016210714285714189e+00
3.356863227513230963e-01
4.052628835978835387e-01
3.522829894179898003e-01
4.210770105820106357e-01
4.588453968253968784e-01
7.606691269841271419e-01
7.592047619047616047e-01
5.293255555555554936e-01
7.511789682539682378e-01
6.358942857142858562e-01
1.836872301587302525e+00
5.838244444444444792e-01
2.247715238095238544e+00
5.565780158730160299e-01
