2.396804334909710121e-01
4.603827340893431597e-01
2.602796818021901881e-01
1.701284751943683560e-01
1.973453401196521018e-01
2.038631002337476517e-01
1.498399206465168554e-01
1.516275814500249730e-01
1.402717603423671022e-01
2.501304182038444068e-01
3.874842303800025700e-01
3.003246262767917951e-01
2.878281552794241804e-01
4.042813614004290290e-01
2.976685277652248995e-01
5.327115770065642408e-01
4.425603703982736725e-01
4.762949954383348672e-01
4.222718158509048969e-01
4.240594766541290195e-01
4.127036555467695766e-01
5.225623134081900378e-01
5.063791254015246324e-01
5.111664785240321862e-01
3.796796011663443604e-01
6.599161255844050444e-01
6.566701375391217343e-01
5.602600504835566486e-01
6.767132566046183406e-01
5.701004229699258019e-01
4.262784684865073004e-01
9.855185728208346596e-01
1.206220873419121542e+00
1.006117821132778811e+00
9.159666145242464363e-01
9.431834794493311191e-01
9.497012395635973103e-01
8.956780599766078765e-01
8.974657207794054514e-01
8.861098996725291776e-01
9.959685575338644847e-01
9.797853695271848684e-01
9.845727226497491547e-01
8.530858452915781598e-01
1.133322369709468314e+00
1.046162765606641454e+00
1.130076381664497642e+00
1.150119500729994471e+00
1.043506667095202456e+00
8.996847126123097560e-01
9.298558605551020539e-01
6.996883876887103337e-01
9.203906882864997252e-01
7.202876359997447686e-01
6.301364293914539783e-01
6.638710544310038042e-01
6.116355356470253302e-01
6.002797145400780021e-01
7.101383724010437160e-01
6.939551843949325338e-01
6.987425375170990272e-01
5.672556601591127734e-01
8.474921845772231954e-01
7.603325804743037430e-01
8.442461965323235784e-01
8.642893155975857056e-01
7.576764819628079017e-01
6.138545274801141538e-01
6.440256754224376046e-01
2.112838491886025682e+00
1.822584232990581921e+00
1.804083339246096429e+00
2.039939988176500130e+00
1.950124285561978477e+00
1.836473479021593969e+00
1.856318858029989638e+00
1.802295678443156524e+00
1.792727518139220155e+00
7.101383724010437160e-01
2.036694000131259674e+00
1.759703463758482300e+00
1.886402987993847313e+00
9.727630480062532392e-02
2.278348503358023081e-01
3.697082000053688589e-01
5.002667455402332042e-01
4.125252827984582371e-01
9.736729896654954253e-01
8.859315269240188861e-01
5.572842589983362238e-01
6.878428045333710994e-01
6.001013417916387649e-01
1.749732062597336268e+00
8.431144441306026582e-01
1.892136191287852265e+00
6.098478748440143704e-01
