3.814305663108825684e-01
4.521508514881134033e-01
4.198990166187286377e-01
3.723173141479492188e-01
3.782109618186950684e-01
3.682098686695098877e-01
3.755369186401367188e-01
3.701464533805847168e-01
3.669268488883972168e-01
5.390357971191406250e-01
5.868129134178161621e-01
5.532782673835754395e-01
5.532782673835754395e-01
6.848497390747070312e-01
5.532782673835754395e-01
4.303449988365173340e-01
3.827632963657379150e-01
3.786558508872985840e-01
3.859829008579254150e-01
3.805924355983734131e-01
3.773728311061859131e-01
5.494818687438964844e-01
4.636914432048797607e-01
5.077950954437255859e-01
4.839571416378021240e-01
5.972589850425720215e-01
6.948878765106201172e-01
5.637243390083312988e-01
6.848497390747070312e-01
5.637243390083312988e-01
4.112227261066436768e-01
7.674384117126464844e-01
9.145250916481018066e-01
8.366503119468688965e-01
7.313913702964782715e-01
7.201697230339050293e-01
7.238609194755554199e-01
7.197412252426147461e-01
6.972354054450988770e-01
6.541184186935424805e-01
8.932537436485290527e-01
8.597381711006164551e-01
8.597381711006164551e-01
6.203173995018005371e-01
9.695671796798706055e-01
8.904094099998474121e-01
1.038169622421264648e+00
1.005213022232055664e+00
8.904094099998474121e-01
7.131534814834594727e-01
6.906476616859436035e-01
6.476489901542663574e-01
7.899371385574340820e-01
7.662954330444335938e-01
6.144053339958190918e-01
6.156883239746093750e-01
6.144053339958190918e-01
5.897148251533508301e-01
9.041718244552612305e-01
7.964220046997070312e-01
8.405255079269409180e-01
6.274544596672058105e-01
7.962075471878051758e-01
7.712828516960144043e-01
8.648096919059753418e-01
8.547715544700622559e-01
7.712828516960144043e-01
6.306769251823425293e-01
6.306769251823425293e-01
2.067694902420043945e+00
2.182963609695434570e+00
2.075484037399291992e+00
1.723833203315734863e+00
1.688794851303100586e+00
2.071894884109497070e+00
1.919814705848693848e+00
2.085618734359741211e+00
1.872297286987304688e+00
9.041718244552612305e-01
1.723833203315734863e+00
1.977849721908569336e+00
2.042554855346679688e+00
3.583073318004608154e-01
4.261697828769683838e-01
3.687533140182495117e-01
4.366157650947570801e-01
3.805924355983734131e-01
8.403415083885192871e-01
7.137355208396911621e-01
6.731261610984802246e-01
7.725658416748046875e-01
6.144053339958190918e-01
1.752346515655517578e+00
7.299067378044128418e-01
2.182963609695434570e+00
6.144053339958190918e-01
